Alt (m), Press (Pa), Dens (kg/m^3), Temp (K)
      1, 1.013130e+05,  1.225108e+00, 2.881435e+02
    101, 1.001175e+05,  1.213390e+00, 2.874935e+02
    201, 9.893354e+04,  1.201757e+00, 2.868435e+02
    301, 9.776091e+04,  1.190210e+00, 2.861935e+02
    401, 9.659955e+04,  1.178748e+00, 2.855435e+02
    501, 9.544939e+04,  1.167371e+00, 2.848935e+02
    601, 9.431035e+04,  1.156077e+00, 2.842435e+02
    701, 9.318234e+04,  1.144868e+00, 2.835935e+02
    801, 9.206527e+04,  1.133742e+00, 2.829435e+02
    901, 9.095908e+04,  1.122699e+00, 2.822935e+02
   1001, 8.986367e+04,  1.111738e+00, 2.816435e+02
   1101, 8.877897e+04,  1.100860e+00, 2.809935e+02
   1201, 8.770489e+04,  1.090063e+00, 2.803435e+02
   1301, 8.664136e+04,  1.079347e+00, 2.796935e+02
   1401, 8.558830e+04,  1.068712e+00, 2.790435e+02
   1501, 8.454563e+04,  1.058157e+00, 2.783935e+02
   1601, 8.351327e+04,  1.047682e+00, 2.777435e+02
   1701, 8.249113e+04,  1.037287e+00, 2.770935e+02
   1801, 8.147915e+04,  1.026971e+00, 2.764435e+02
   1901, 8.047725e+04,  1.016734e+00, 2.757935e+02
   2001, 7.948535e+04,  1.006574e+00, 2.751435e+02
   2101, 7.850336e+04,  9.964931e-01, 2.744935e+02
   2201, 7.753123e+04,  9.864892e-01, 2.738435e+02
   2301, 7.656887e+04,  9.765623e-01, 2.731935e+02
   2401, 7.561620e+04,  9.667120e-01, 2.725435e+02
   2501, 7.467315e+04,  9.569379e-01, 2.718935e+02
   2601, 7.373965e+04,  9.472396e-01, 2.712435e+02
   2701, 7.281562e+04,  9.376166e-01, 2.705935e+02
   2801, 7.190099e+04,  9.280686e-01, 2.699435e+02
   2901, 7.099568e+04,  9.185952e-01, 2.692935e+02
   3001, 7.009963e+04,  9.091959e-01, 2.686435e+02
   3101, 6.921276e+04,  8.998704e-01, 2.679935e+02
   3201, 6.833499e+04,  8.906183e-01, 2.673435e+02
   3301, 6.746626e+04,  8.814391e-01, 2.666935e+02
   3401, 6.660649e+04,  8.723324e-01, 2.660435e+02
   3501, 6.575562e+04,  8.632979e-01, 2.653935e+02
   3601, 6.491357e+04,  8.543352e-01, 2.647435e+02
   3701, 6.408027e+04,  8.454438e-01, 2.640935e+02
   3801, 6.325566e+04,  8.366234e-01, 2.634435e+02
   3901, 6.243966e+04,  8.278735e-01, 2.627935e+02
   4001, 6.163220e+04,  8.191939e-01, 2.621435e+02
   4101, 6.083322e+04,  8.105840e-01, 2.614935e+02
   4201, 6.004265e+04,  8.020435e-01, 2.608435e+02
   4301, 5.926042e+04,  7.935721e-01, 2.601935e+02
   4401, 5.848646e+04,  7.851692e-01, 2.595435e+02
   4501, 5.772071e+04,  7.768347e-01, 2.588935e+02
   4601, 5.696309e+04,  7.685679e-01, 2.582435e+02
   4701, 5.621355e+04,  7.603686e-01, 2.575935e+02
   4801, 5.547201e+04,  7.522364e-01, 2.569435e+02
   4901, 5.473841e+04,  7.441710e-01, 2.562935e+02
   5001, 5.401269e+04,  7.361718e-01, 2.556435e+02
   5101, 5.329478e+04,  7.282386e-01, 2.549935e+02
   5201, 5.258462e+04,  7.203710e-01, 2.543435e+02
   5301, 5.188214e+04,  7.125685e-01, 2.536935e+02
   5401, 5.118728e+04,  7.048309e-01, 2.530435e+02
   5501, 5.049997e+04,  6.971577e-01, 2.523935e+02
   5601, 4.982015e+04,  6.895486e-01, 2.517435e+02
   5701, 4.914776e+04,  6.820032e-01, 2.510935e+02
   5801, 4.848274e+04,  6.745211e-01, 2.504435e+02
   5901, 4.782503e+04,  6.671020e-01, 2.497935e+02
   6001, 4.717456e+04,  6.597454e-01, 2.491435e+02
   6101, 4.653127e+04,  6.524511e-01, 2.484935e+02
   6201, 4.589510e+04,  6.452187e-01, 2.478435e+02
   6301, 4.526600e+04,  6.380477e-01, 2.471935e+02
   6401, 4.464389e+04,  6.309379e-01, 2.465435e+02
   6501, 4.402873e+04,  6.238888e-01, 2.458935e+02
   6601, 4.342045e+04,  6.169002e-01, 2.452435e+02
   6701, 4.281899e+04,  6.099716e-01, 2.445935e+02
   6801, 4.222429e+04,  6.031027e-01, 2.439435e+02
   6901, 4.163630e+04,  5.962931e-01, 2.432935e+02
   7001, 4.105496e+04,  5.895425e-01, 2.426435e+02
   7101, 4.048021e+04,  5.828505e-01, 2.419935e+02
   7201, 3.991199e+04,  5.762168e-01, 2.413435e+02
   7301, 3.935025e+04,  5.696410e-01, 2.406935e+02
   7401, 3.879493e+04,  5.631228e-01, 2.400435e+02
   7501, 3.824597e+04,  5.566618e-01, 2.393935e+02
   7601, 3.770331e+04,  5.502576e-01, 2.387435e+02
   7701, 3.716691e+04,  5.439100e-01, 2.380935e+02
   7801, 3.663670e+04,  5.376185e-01, 2.374435e+02
   7901, 3.611264e+04,  5.313829e-01, 2.367935e+02
   8001, 3.559466e+04,  5.252027e-01, 2.361435e+02
   8101, 3.508272e+04,  5.190777e-01, 2.354935e+02
   8201, 3.457675e+04,  5.130075e-01, 2.348435e+02
   8301, 3.407671e+04,  5.069917e-01, 2.341935e+02
   8401, 3.358254e+04,  5.010301e-01, 2.335435e+02
   8501, 3.309419e+04,  4.951222e-01, 2.328935e+02
   8601, 3.261160e+04,  4.892678e-01, 2.322435e+02
   8701, 3.213473e+04,  4.834665e-01, 2.315935e+02
   8801, 3.166352e+04,  4.777180e-01, 2.309435e+02
   8901, 3.119792e+04,  4.720219e-01, 2.302935e+02
   9001, 3.073789e+04,  4.663779e-01, 2.296435e+02
   9101, 3.028336e+04,  4.607856e-01, 2.289935e+02
   9201, 2.983428e+04,  4.552449e-01, 2.283435e+02
   9301, 2.939062e+04,  4.497552e-01, 2.276935e+02
   9401, 2.895231e+04,  4.443163e-01, 2.270435e+02
   9501, 2.851931e+04,  4.389279e-01, 2.263935e+02
   9601, 2.809157e+04,  4.335896e-01, 2.257435e+02
   9701, 2.766904e+04,  4.283012e-01, 2.250935e+02
   9801, 2.725167e+04,  4.230622e-01, 2.244435e+02
   9901, 2.683941e+04,  4.178724e-01, 2.237935e+02
  10001, 2.643222e+04,  4.127314e-01, 2.231435e+02
  10101, 2.603004e+04,  4.076390e-01, 2.224935e+02
  10201, 2.563284e+04,  4.025947e-01, 2.218435e+02
  10301, 2.524055e+04,  3.975984e-01, 2.211935e+02
  10401, 2.485315e+04,  3.926496e-01, 2.205435e+02
  10501, 2.447057e+04,  3.877481e-01, 2.198935e+02
  10601, 2.409277e+04,  3.828936e-01, 2.192435e+02
  10701, 2.371971e+04,  3.780857e-01, 2.185935e+02
  10801, 2.335134e+04,  3.733241e-01, 2.179435e+02
  10901, 2.298762e+04,  3.686085e-01, 2.172935e+02
  11001, 2.262903e+04,  3.641884e-01, 2.165000e+02
  11101, 2.227603e+04,  3.585074e-01, 2.165000e+02
  11201, 2.192855e+04,  3.529149e-01, 2.165000e+02
  11301, 2.158648e+04,  3.474097e-01, 2.165000e+02
  11401, 2.124975e+04,  3.419904e-01, 2.165000e+02
  11501, 2.091827e+04,  3.366557e-01, 2.165000e+02
  11601, 2.059196e+04,  3.314041e-01, 2.165000e+02
  11701, 2.027074e+04,  3.262345e-01, 2.165000e+02
  11801, 1.995453e+04,  3.211455e-01, 2.165000e+02
  11901, 1.964326e+04,  3.161359e-01, 2.165000e+02
  12001, 1.933684e+04,  3.112044e-01, 2.165000e+02
  12101, 1.903520e+04,  3.063499e-01, 2.165000e+02
  12201, 1.873827e+04,  3.015710e-01, 2.165000e+02
  12301, 1.844597e+04,  2.968668e-01, 2.165000e+02
  12401, 1.815822e+04,  2.922359e-01, 2.165000e+02
  12501, 1.787497e+04,  2.876772e-01, 2.165000e+02
  12601, 1.759613e+04,  2.831897e-01, 2.165000e+02
  12701, 1.732165e+04,  2.787722e-01, 2.165000e+02
  12801, 1.705145e+04,  2.744236e-01, 2.165000e+02
  12901, 1.678546e+04,  2.701428e-01, 2.165000e+02
  13001, 1.652362e+04,  2.659288e-01, 2.165000e+02
  13101, 1.626586e+04,  2.617805e-01, 2.165000e+02
  13201, 1.601213e+04,  2.576969e-01, 2.165000e+02
  13301, 1.576235e+04,  2.536771e-01, 2.165000e+02
  13401, 1.551647e+04,  2.497199e-01, 2.165000e+02
  13501, 1.527443e+04,  2.458245e-01, 2.165000e+02
  13601, 1.503616e+04,  2.419898e-01, 2.165000e+02
  13701, 1.480161e+04,  2.382150e-01, 2.165000e+02
  13801, 1.457071e+04,  2.344990e-01, 2.165000e+02
  13901, 1.434342e+04,  2.308410e-01, 2.165000e+02
  14001, 1.411968e+04,  2.272401e-01, 2.165000e+02
  14101, 1.389942e+04,  2.236953e-01, 2.165000e+02
  14201, 1.368260e+04,  2.202058e-01, 2.165000e+02
  14301, 1.346916e+04,  2.167708e-01, 2.165000e+02
  14401, 1.325905e+04,  2.133894e-01, 2.165000e+02
  14501, 1.305222e+04,  2.100607e-01, 2.165000e+02
  14601, 1.284862e+04,  2.067839e-01, 2.165000e+02
  14701, 1.264819e+04,  2.035582e-01, 2.165000e+02
  14801, 1.245089e+04,  2.003829e-01, 2.165000e+02
  14901, 1.225667e+04,  1.972571e-01, 2.165000e+02
  15001, 1.206547e+04,  1.941800e-01, 2.165000e+02
  15101, 1.187726e+04,  1.911510e-01, 2.165000e+02
  15201, 1.169198e+04,  1.881692e-01, 2.165000e+02
  15301, 1.150960e+04,  1.852339e-01, 2.165000e+02
  15401, 1.133006e+04,  1.823444e-01, 2.165000e+02
  15501, 1.115332e+04,  1.794999e-01, 2.165000e+02
  15601, 1.097934e+04,  1.766999e-01, 2.165000e+02
  15701, 1.080807e+04,  1.739435e-01, 2.165000e+02
  15801, 1.063947e+04,  1.712301e-01, 2.165000e+02
  15901, 1.047350e+04,  1.685591e-01, 2.165000e+02
  16001, 1.031012e+04,  1.659297e-01, 2.165000e+02
  16101, 1.014929e+04,  1.633413e-01, 2.165000e+02
  16201, 9.990974e+03,  1.607933e-01, 2.165000e+02
  16301, 9.835123e+03,  1.582851e-01, 2.165000e+02
  16401, 9.681703e+03,  1.558160e-01, 2.165000e+02
  16501, 9.530676e+03,  1.533854e-01, 2.165000e+02
  16601, 9.382005e+03,  1.509927e-01, 2.165000e+02
  16701, 9.235654e+03,  1.486373e-01, 2.165000e+02
  16801, 9.091585e+03,  1.463187e-01, 2.165000e+02
  16901, 8.949763e+03,  1.440362e-01, 2.165000e+02
  17001, 8.810154e+03,  1.417894e-01, 2.165000e+02
  17101, 8.672723e+03,  1.395776e-01, 2.165000e+02
  17201, 8.537435e+03,  1.374003e-01, 2.165000e+02
  17301, 8.404258e+03,  1.352570e-01, 2.165000e+02
  17401, 8.273159e+03,  1.331471e-01, 2.165000e+02
  17501, 8.144104e+03,  1.310701e-01, 2.165000e+02
  17601, 8.017063e+03,  1.290255e-01, 2.165000e+02
  17701, 7.892003e+03,  1.270128e-01, 2.165000e+02
  17801, 7.768894e+03,  1.250315e-01, 2.165000e+02
  17901, 7.647705e+03,  1.230811e-01, 2.165000e+02
  18001, 7.528407e+03,  1.211611e-01, 2.165000e+02
  18101, 7.410970e+03,  1.192711e-01, 2.165000e+02
  18201, 7.295365e+03,  1.174106e-01, 2.165000e+02
  18301, 7.181563e+03,  1.155791e-01, 2.165000e+02
  18401, 7.069537e+03,  1.137761e-01, 2.165000e+02
  18501, 6.959258e+03,  1.120013e-01, 2.165000e+02
  18601, 6.850699e+03,  1.102542e-01, 2.165000e+02
  18701, 6.743833e+03,  1.085343e-01, 2.165000e+02
  18801, 6.638635e+03,  1.068413e-01, 2.165000e+02
  18901, 6.535078e+03,  1.051746e-01, 2.165000e+02
  19001, 6.433136e+03,  1.035340e-01, 2.165000e+02
  19101, 6.332784e+03,  1.019189e-01, 2.165000e+02
  19201, 6.233998e+03,  1.003291e-01, 2.165000e+02
  19301, 6.136752e+03,  9.876403e-02, 2.165000e+02
  19401, 6.041024e+03,  9.722339e-02, 2.165000e+02
  19501, 5.946789e+03,  9.570678e-02, 2.165000e+02
  19601, 5.854024e+03,  9.421383e-02, 2.165000e+02
  19701, 5.762706e+03,  9.274417e-02, 2.165000e+02
  19801, 5.672812e+03,  9.129744e-02, 2.165000e+02
  19901, 5.584321e+03,  8.987327e-02, 2.165000e+02
  20001, 5.496913e+03,  8.842570e-02, 2.166000e+02
  20101, 5.410913e+03,  8.700210e-02, 2.167000e+02
  20201, 5.326297e+03,  8.560206e-02, 2.168000e+02
  20301, 5.243043e+03,  8.422518e-02, 2.169000e+02
  20401, 5.161127e+03,  8.287106e-02, 2.170000e+02
  20501, 5.080528e+03,  8.153933e-02, 2.171000e+02
  20601, 5.001224e+03,  8.022959e-02, 2.172000e+02
  20701, 4.923193e+03,  7.894148e-02, 2.173000e+02
  20801, 4.846415e+03,  7.767463e-02, 2.174000e+02
  20901, 4.770869e+03,  7.642867e-02, 2.175000e+02
  21001, 4.696534e+03,  7.520327e-02, 2.176000e+02
  21101, 4.623391e+03,  7.399806e-02, 2.177000e+02
  21201, 4.551420e+03,  7.281270e-02, 2.178000e+02
  21301, 4.480601e+03,  7.164686e-02, 2.179000e+02
  21401, 4.410917e+03,  7.050022e-02, 2.180000e+02
  21501, 4.342347e+03,  6.937243e-02, 2.181000e+02
  21601, 4.274873e+03,  6.826320e-02, 2.182000e+02
  21701, 4.208479e+03,  6.717219e-02, 2.183000e+02
  21801, 4.143145e+03,  6.609911e-02, 2.184000e+02
  21901, 4.078855e+03,  6.504365e-02, 2.185000e+02
  22001, 4.015591e+03,  6.400552e-02, 2.186000e+02
  22101, 3.953337e+03,  6.298442e-02, 2.187000e+02
  22201, 3.892075e+03,  6.198006e-02, 2.188000e+02
  22301, 3.831790e+03,  6.099217e-02, 2.189000e+02
  22401, 3.772466e+03,  6.002046e-02, 2.190000e+02
  22501, 3.714087e+03,  5.906467e-02, 2.191000e+02
  22601, 3.656637e+03,  5.812453e-02, 2.192000e+02
  22701, 3.600102e+03,  5.719976e-02, 2.193000e+02
  22801, 3.544465e+03,  5.629012e-02, 2.194000e+02
  22901, 3.489714e+03,  5.539536e-02, 2.195000e+02
  23001, 3.435832e+03,  5.451521e-02, 2.196000e+02
  23101, 3.382806e+03,  5.364944e-02, 2.197000e+02
  23201, 3.330623e+03,  5.279780e-02, 2.198000e+02
  23301, 3.279267e+03,  5.196006e-02, 2.199000e+02
  23401, 3.228726e+03,  5.113599e-02, 2.200000e+02
  23501, 3.178987e+03,  5.032535e-02, 2.201000e+02
  23601, 3.130036e+03,  4.952792e-02, 2.202000e+02
  23701, 3.081860e+03,  4.874347e-02, 2.203000e+02
  23801, 3.034447e+03,  4.797181e-02, 2.204000e+02
  23901, 2.987785e+03,  4.721269e-02, 2.205000e+02
  24001, 2.941860e+03,  4.646593e-02, 2.206000e+02
  24101, 2.896662e+03,  4.573131e-02, 2.207000e+02
  24201, 2.852179e+03,  4.500863e-02, 2.208000e+02
  24301, 2.808398e+03,  4.429769e-02, 2.209000e+02
  24401, 2.765309e+03,  4.359829e-02, 2.210000e+02
  24501, 2.722900e+03,  4.291024e-02, 2.211000e+02
  24601, 2.681160e+03,  4.223336e-02, 2.212000e+02
  24701, 2.640078e+03,  4.156745e-02, 2.213000e+02
  24801, 2.599644e+03,  4.091234e-02, 2.214000e+02
  24901, 2.559847e+03,  4.026784e-02, 2.215000e+02
  25001, 2.520676e+03,  3.963377e-02, 2.216000e+02
  25101, 2.482123e+03,  3.900997e-02, 2.217000e+02
  25201, 2.444176e+03,  3.839627e-02, 2.218000e+02
  25301, 2.406826e+03,  3.779248e-02, 2.219000e+02
  25401, 2.370063e+03,  3.719846e-02, 2.220000e+02
  25501, 2.333877e+03,  3.661404e-02, 2.221000e+02
  25601, 2.298261e+03,  3.603905e-02, 2.222000e+02
  25701, 2.263203e+03,  3.547335e-02, 2.223000e+02
  25801, 2.228696e+03,  3.491677e-02, 2.224000e+02
  25901, 2.194729e+03,  3.436917e-02, 2.225000e+02
  26001, 2.161296e+03,  3.383040e-02, 2.226000e+02
  26101, 2.128386e+03,  3.330031e-02, 2.227000e+02
  26201, 2.095992e+03,  3.277877e-02, 2.228000e+02
  26301, 2.064105e+03,  3.226561e-02, 2.229000e+02
  26401, 2.032718e+03,  3.176072e-02, 2.230000e+02
  26501, 2.001821e+03,  3.126395e-02, 2.231000e+02
  26601, 1.971408e+03,  3.077516e-02, 2.232000e+02
  26701, 1.941469e+03,  3.029423e-02, 2.233000e+02
  26801, 1.911999e+03,  2.982103e-02, 2.234000e+02
  26901, 1.882989e+03,  2.935542e-02, 2.235000e+02
  27001, 1.854432e+03,  2.889729e-02, 2.236000e+02
  27101, 1.826320e+03,  2.844651e-02, 2.237000e+02
  27201, 1.798647e+03,  2.800295e-02, 2.238000e+02
  27301, 1.771405e+03,  2.756651e-02, 2.239000e+02
  27401, 1.744587e+03,  2.713706e-02, 2.240000e+02
  27501, 1.718187e+03,  2.671448e-02, 2.241000e+02
  27601, 1.692199e+03,  2.629868e-02, 2.242000e+02
  27701, 1.666614e+03,  2.588952e-02, 2.243000e+02
  27801, 1.641428e+03,  2.548691e-02, 2.244000e+02
  27901, 1.616633e+03,  2.509073e-02, 2.245000e+02
  28001, 1.592224e+03,  2.470088e-02, 2.246000e+02
  28101, 1.568194e+03,  2.431727e-02, 2.247000e+02
  28201, 1.544537e+03,  2.393977e-02, 2.248000e+02
  28301, 1.521247e+03,  2.356830e-02, 2.249000e+02
  28401, 1.498318e+03,  2.320276e-02, 2.250000e+02
  28501, 1.475745e+03,  2.284304e-02, 2.251000e+02
  28601, 1.453522e+03,  2.248906e-02, 2.252000e+02
  28701, 1.431643e+03,  2.214071e-02, 2.253000e+02
  28801, 1.410103e+03,  2.179791e-02, 2.254000e+02
  28901, 1.388896e+03,  2.146057e-02, 2.255000e+02
  29001, 1.368017e+03,  2.112860e-02, 2.256000e+02
  29101, 1.347462e+03,  2.080190e-02, 2.257000e+02
  29201, 1.327224e+03,  2.048040e-02, 2.258000e+02
  29301, 1.307299e+03,  2.016400e-02, 2.259000e+02
  29401, 1.287681e+03,  1.985263e-02, 2.260000e+02
  29501, 1.268367e+03,  1.954620e-02, 2.261000e+02
  29601, 1.249350e+03,  1.924464e-02, 2.262000e+02
  29701, 1.230627e+03,  1.894785e-02, 2.263000e+02
  29801, 1.212193e+03,  1.865577e-02, 2.264000e+02
  29901, 1.194042e+03,  1.836833e-02, 2.265000e+02
  30001, 1.176171e+03,  1.808543e-02, 2.266000e+02
  30101, 1.158576e+03,  1.780701e-02, 2.267000e+02
  30201, 1.141251e+03,  1.753300e-02, 2.268000e+02
  30301, 1.124193e+03,  1.726332e-02, 2.269000e+02
  30401, 1.107397e+03,  1.699791e-02, 2.270000e+02
  30501, 1.090859e+03,  1.673669e-02, 2.271000e+02
  30601, 1.074575e+03,  1.647960e-02, 2.272000e+02
  30701, 1.058542e+03,  1.622657e-02, 2.273000e+02
  30801, 1.042754e+03,  1.597753e-02, 2.274000e+02
  30901, 1.027209e+03,  1.573242e-02, 2.275000e+02
  31001, 1.011902e+03,  1.549118e-02, 2.276000e+02
  31101, 9.968301e+02,  1.525374e-02, 2.277000e+02
  31201, 9.819889e+02,  1.502004e-02, 2.278000e+02
  31301, 9.673751e+02,  1.479002e-02, 2.279000e+02
  31401, 9.529850e+02,  1.456362e-02, 2.280000e+02
  31501, 9.388151e+02,  1.434078e-02, 2.281000e+02
  31601, 9.248620e+02,  1.412145e-02, 2.282000e+02
  31701, 9.111223e+02,  1.390557e-02, 2.283000e+02
  31801, 8.975926e+02,  1.369308e-02, 2.284000e+02
